0.05311768877479017, 5.885939321326886e-7
0.051352112298346464, 4.3942232006975046e-7
0.04957079516980922, 3.3746788509344025e-7
0.06299232452120229, 0.000012370502589857468
0.06121887771871193, 0.00000936689558627129
0.06134742637747226, 0.000007434920102320419
0.061473351594217185, 0.000005929311497518926
0.06159927681096211, 0.000004728596185403231
0.06172520202770704, 0.0000037710317452483634
0.06185112724445174, 0.000003007378906147432
0.06197705246119667, 0.0000023983695964736244
0.062102977677941595, 0.0000019126877260231283
0.06220922707957022, 0.0000015802545080119426
0.05652291651093333, 0.0000013242047929231287
0.056648841727678256, 0.0000010560466818329768
0.05677476694442318, 8.42191932977833e-7
0.07338115490265595, 0.00010320040824348024
0.07161033154218077, 0.00007777542907679297
0.0717362567589257, 0.00006202551466633383
0.07186218197567062, 0.000049465036905486366
0.07198810719241555, 0.00003944811887855556
0.07211403240916048, 0.00003145967698417004
0.07222028181078888, 0.000025991852040688586
0.06654971189424552, 0.000021172948383115512
0.06667563711099045, 0.000016885320159015634
0.08410053897806491, 0.00047534768510038104
0.08233758594363638, 0.00035320787774892543
0.08246351116038131, 0.00028168151126430253
0.08258943637712624, 0.0002246395926778928
0.08271142643084772, 0.0001804202436796588
0.07704872684035102, 0.00014490633597816094
0.09317896007276705, 0.0013066501159516354
0.0953288708044846, 0.0008773210028254073
0.09354099507090852, 0.0006817532214794765
0.10427218463538734, 0.0030742852620954425
0.10439810985213227, 0.0024517270798251668
0.10452009990585398, 0.0019691150251164385
0.11741300569112023, 0.005836792600124098
0.11562512995754415, 0.0045356855078437916
0.10993094906286127, 0.003854899446321581
0.12864658440157095, 0.010671531152447022
0.12687576104109577, 0.00804243828502844
0.14000084144473512, 0.01570731091835471
0.15521877271625484, 0.022821525782537783
0.14398584986630802, 0.012467528464180993
0.16661041380814035, 0.03140836064708313
0.17803550378572397, 0.04070449312241532
0.18945534687927634, 0.05325177657968225
0.21244391340076207, 0.06974794055529022
0.23542854475922415, 0.09200251033795027
0.2757665891898382, 0.1214983430816493
0.327709167031897, 0.1506261790204073
0.385488378670082, 0.17009447185972262
0.4433053678732899, 0.17947267134840988
0.5011491161850565, 0.18047774116264348
0.5589991607576601, 0.17944665386739997
0.616869668177985, 0.17197997276336988
0.6747401755983098, 0.16482397634198911
0.7326169792794719, 0.15618858722237008
0.7904922088954245, 0.14842484582363008
0.8483705866417957, 0.14025137102372046
0.9062505384533761, 0.13215366863248673
0.964130490264957, 0.12452350380283526
1.0220088680113282, 0.11766623058364437
1.079888819822909, 0.11087252789247082
1.1377687716344895, 0.10447107364868198
1.1956471493808611, 0.09871804973244584
1.2535255271272323, 0.09328183393375701
1.3114039048736035, 0.08814498023034878
1.3692807085547654, 0.08352692513834649
1.4271575122359277, 0.07915081726531267
1.4850327418518803, 0.07521642943534959
1.5429095455330422, 0.07127572159188064
1.6007832010837855, 0.06792463809462596
1.6586600047649473, 0.06436595874606219
1.716533660315691, 0.06133974312422727
1.7744073158664344, 0.05845580738399816
1.8322809714171777, 0.05570746212605933
1.8901514788375025, 0.05338950385910005
1.948023560323037, 0.05102347060686977
2.005895641808571, 0.04876229154780515
2.0637661492288957, 0.046733318184176705
2.1216382307144293, 0.044662263448350115
2.1795055900043354, 0.043046717611655856
2.2373760974246606, 0.04125556628030263
2.295245030779776, 0.03965093789905658
2.353113964134891, 0.03810872127152168
2.410984471555216, 0.03652303737670196
2.468850256779913, 0.035301617141150106
2.5267176160698193, 0.03402466930649963
2.5845865494249343, 0.03270128545907468
2.642452334649631, 0.03160767401114646
2.7003181198743285, 0.0305506356208901
2.758185479164234, 0.029445542677206855
2.8160528384541403, 0.02838042371080297
2.873917049613628, 0.02750901172116092
2.9317828348383252, 0.02658904268272345
2.989647045997813, 0.025772634484490346
3.0475112571572995, 0.024981293843374466
3.105377042381997, 0.024145857910271337
3.1632428276066933, 0.02333836101037825
3.221105464700971, 0.022685840131761833
3.27896810179525, 0.022051563186249394
3.3368323129547375, 0.021374476869756767
3.394696524114225, 0.020718180275793554
3.452559161208503, 0.020138917439346624
3.5104217983027817, 0.01957585030296705
3.5682844353970595, 0.01902852604854853
3.6261470724913374, 0.01849650451839681
3.684009709585616, 0.017979357861255388
3.7418691985494754, 0.017575815763089298
3.7997318356437533, 0.017084410786577377
3.857592898672823, 0.016653783694340358
3.915449239506264, 0.016372350570460707
3.973308728470123, 0.01600487734076589
4.100619122599209, 0.014700465140509204
4.1700511389819255, 0.014289245378540956
4.227905905750157, 0.014087561025279898
4.285765394714016, 0.013771369313759697
4.343624883677876, 0.013462274444500186
4.401484372641736, 0.0131601171306882
4.4593438616055945, 0.012864741660662454
4.517203350569455, 0.012575995817670141
4.575064413598524, 0.012259007155983137
4.632922328497173, 0.012017801151423823
4.690781817461033, 0.01174806467198929
4.748639732359683, 0.011516911879207715
4.806500795388752, 0.011226618328200964
4.864360284352612, 0.010974639745293122
4.922218199251262, 0.0107587047212934
4.980074540084702, 0.01057689283192431
5.037935603113771, 0.010310293259834135
5.095795092077632, 0.010078881359204072
5.153651432911072, 0.009908557838844133
5.211507773744515, 0.009741112624176453
5.269370410838793, 0.009468759335725625
5.327225177607023, 0.009335113327681117
5.385081518440465, 0.009177358780498385
5.4429425814695325, 0.008946035653500828
5.500798922302975, 0.00879485614940057
5.558653689071205, 0.008670721891255652
5.616514752100274, 0.008452168977592347
5.674372666998925, 0.008285865631570544
5.732225859701948, 0.008192053935524269
5.790086922731016, 0.007985566254458015
5.847943263564458, 0.007850617770786784
5.905796456267479, 0.007761733905076673
5.963659093361757, 0.007544722375214931
6.02151228606478, 0.007459301824883972
6.079368626898221, 0.0073332467101383915
6.137228115862081, 0.007168653859458444
6.195079734499894, 0.007107566440191089
6.252940797528963, 0.006928414188044027
6.3107955642971945, 0.006830623668137435
6.368650331065426, 0.006734213404307349
6.426511394094495, 0.006564471832705782
6.484361438667099, 0.006526968351871619
6.542222501696168, 0.006362450567933879
6.60007412033398, 0.006308233180258168
6.65793203523263, 0.006184113526694228
6.715789950131281, 0.006062436028954363
6.773641568769095, 0.006010775204098988
6.831502631798163, 0.005859268507112678
6.889352676370768, 0.005825793923054918
6.947213739399835, 0.005678949836454738
7.005065358037649, 0.005630556875034219
7.062923272936301, 0.005519771057717183
7.120774891574111, 0.005472734532384366
7.178632806472763, 0.005365053998897936
7.236487573240993, 0.005289329395021838
7.294342340009226, 0.005214673599704492
7.3521971067774565, 0.005141071527337302
7.410051873545688, 0.00506850830523623
7.467909788444338, 0.004968781253785326
7.525761407082152, 0.004926439967729603
7.5836193219808035, 0.004829508227157332
7.641470940618616, 0.004788353751057438
7.699328855517267, 0.004694138969875462
7.757180474155078, 0.004654138037904992
7.815038389053729, 0.004562564060787058
7.872890007691542, 0.004523684339547941
7.930747922590193, 0.004434677145772273
7.988599541228007, 0.004396887208159127
8.046454307996237, 0.004334827713102016
8.104309074764469, 0.004273644151573426
8.162163841532701, 0.00421332416028317
8.220018608300933, 0.00415385555044167
8.277870226938745, 0.004118458623687965
8.335728141837397, 0.004037424577706697
8.39357661234479, 0.004025729041909236
8.451437675373858, 0.003924257120336529
8.509284571816044, 0.003923972667598279
8.567145634845113, 0.0038250656019128155
8.624994105352508, 0.003813985223613781
8.682852020251158, 0.0037389419411088722
8.74070363888897, 0.003707080685362585
8.798556831591993, 0.0036651095091526785
8.856413172425434, 0.003603172640183233
8.914263216998037, 0.0035825873563253554
8.972122705961898, 0.003502177097527943
9.029969602404083, 0.003501923239578609
9.087829091367942, 0.0034233234662929607
9.145679135940545, 0.0034037656786629488
9.203533902708777, 0.0033557235139882306
9.26138866947701, 0.003308359436410136
9.319237139984402, 0.003298775842840846
9.377098203013473, 0.003215627394416719
9.434945099455657, 0.003215394307238819
9.492801440289098, 0.003161057197966852
9.55065463299212, 0.0031252680420444283
9.608504677564724, 0.003107413074713702
9.666364166528584, 0.0030376679813841484
9.724211062970769, 0.0030374477937285733
9.78206897786942, 0.0029776835210545667
9.839920596507232, 0.0029523093008366145
9.897770641079836, 0.0029354424640061472
9.955630130043694, 0.0028695572071403487
9.99033039758296, 0.0029103016188112307
 
